2 0.5644444444444444 0.48588039867109634 0.14 0.07475083056478406
2 0.57 0.38787375415282394 0.12222222222222222 0.0681063122923588
2 0.4038888888888889 0.4966777408637874 0.10555555555555556 0.05647840531561462
2 0.2872222222222222 0.45514950166112955 0.11222222222222222 0.03986710963455149
2 0.20222222222222222 0.26245847176079734 0.1111111111111111 0.06312292358803986
2 0.08888888888888889 0.3438538205980067 0.11777777777777777 0.07308970099667775
2 0.6716666666666666 0.6644518272425249 0.08333333333333333 0.06312292358803986
2 0.3927777777777778 0.6337209302325582 0.11 0.06478405315614619
2 0.49333333333333335 0.5514950166112957 0.10888888888888888 0.07308970099667775
2 0.6944444444444444 0.5199335548172758 0.09777777777777778 0.06976744186046512
2 0.82 0.49252491694352163 0.08666666666666667 0.05813953488372093
