13 0.063810 0.501916 0.120000 0.321839
13 0.104762 0.547893 0.140952 0.199234
13 0.121905 0.436782 0.095238 0.137931
13 0.300952 0.620690 0.114286 0.099617
13 0.371429 0.358238 0.045714 0.172414
13 0.240952 0.078544 0.043810 0.088123
13 0.467619 0.095785 0.097143 0.183908
13 0.433333 0.189655 0.040000 0.157088
13 0.476190 0.337165 0.080000 0.160920
13 0.505714 0.203065 0.055238 0.091954
13 0.649524 0.141762 0.121905 0.145594
13 0.603810 0.273946 0.057143 0.141762
13 0.280952 0.505747 0.040000 0.099617
13 0.485714 0.578544 0.057143 0.137931
13 0.505714 0.618774 0.085714 0.118774
13 0.558095 0.773946 0.129524 0.206897
13 0.642857 0.580460 0.036190 0.111111
13 0.626667 0.618774 0.041905 0.095785
13 0.698095 0.440613 0.081905 0.114943
13 0.723810 0.605364 0.095238 0.137931
13 0.850476 0.559387 0.093333 0.145594
13 0.882857 0.293103 0.043810 0.141762
13 0.946667 0.421456 0.102857 0.130268
